0000000000000000
0000000000000000
0000000000000000
0000000000000000
0000000000000000
0000000000000000
0000000000000000
0000000000000000
0000000000000000
0000000000000000
0000000000000000
0000000000000000
0000000000000000
0000000000000000
0000000000000000
0000000000000000
0000000000000000
0000000000000000
0000000000000000
0000000000000000
0000000000000000
0000000000000000
0000000000000000
0000000000000000
0000000000000000
0000000000000000
0000000000000000
0000000000000000
0000000000000000
0000000000000000
0000000000000000
0000000000000000
0000000000000000
0000000000000000
0000000000000000
0000000000000000
0000000000000000
0000000000000000
0000000000000000
0000000000000000
0000000000000000
0000000000000000
0000000000000000
0000000000000000
0000000000000000
0000000000000000
0000000000000000
0000000000000000
0000000000000000
0000000000000000
0000000000000000
0000000000000000
0000000000000000
0000000000000000
0000000000000000
0000000000000000
0000000000000000
0000000000000000
0000000000000000
0000000000000000
0000000000000000
0000000000000000
0000000000000000
0000000000000000
0000000000000000
0000000000000000
0000000000000000
0000000000000000
0000000000000000
0000000000000000
0000000000000000
0000000000000000
0000000000000000
0000000000000000
0000000000000000
0000000000000000
0000000000000000
0000000000000000
0000000000000000
0000000000000000
0000000000000000
0000000000000000
0000000000000000
0000000000000000
0000000000000000
0000000000000000
0000000000000000
0000000000000000
0000000000000000
0000000000000000
0000000000000000
0000000000000000
0000000000000000
0000000000000000
0000000000000000
0000000000000000
0000000000000000
0000000000000000
0000000000000000
0000000000000000
0000000000000000
0000000000000000
0000000000000000
0000000000000000
0010010100111111
0010101011101010
0011001101010110
0000000000000000
0000000000000000
0000000000000000
0000000000000000
0000000000000000
0000000000000000
0000000000000000
0000000000000000
0000000000000000
1001101010100110
0011110000010001
0011110000110111
0011100111001110
0100001111111100
1011001110010001
0000000000000000
0000000000000000
0000000000000000
0000000000000000
0000000000000000
0000000000000000
0000000000000000
0010101101101011
0011010011000111
0011100100111010
0010110110111101
1011011000011110
0100000011101010
1011101000000111
1010100111000101
0000000000000000
0000000000000000
0000000000000000
0000000000000000
0000000000000000
1010101000000111
1011110001011001
0011010010111100
1011100100001001
1011100011000001
1011001111110111
0011100111011101
0011010111010101
0011101010100011
0000000000000000
0000000000000000
0000000000000000
0000000000000000
0000000000000000
1011011101101111
1010110000001000
0011101110101010
0000000000000000
0000000000000000
0000000000000000
0000000000000000
1011011100101011
1011010011100110
0000000000000000
0000000000000000
0000000000000000
0000000000000000
0010000010000110
0011110001110011
0011000011110000
0000000000000000
0000000000000000
0000000000000000
0010010011110010
0011101110111001
1001110110011101
1011110010010110
0000000000000000
0000000000000000
0000000000000000
0000000000000000
0011010010011011
1011010110010010
0000000000000000
0000000000000000
0000000000000000
0000000000000000
0011111100110000
0100000101000011
0000000000000000
1011111000100110
0000000000000000
0000000000000000
0000000000000000
0000000000000000
0011111011110101
0011000010111110
0000000000000000
0000000000000000
0000000000000000
0011000000100100
0011111010011011
0011111101100000
0000000000000000
1011110110010100
0000000000000000
0000000000000000
0000000000000000
0000000000000000
1011101111100100
1011001000001101
0000000000000000
0000000000000000
0000000000000000
0100000110010011
0011101010101011
0011101000000100
0000000000000000
1011111011110001
0000000000000000
0000000000000000
0000000000000000
0000000000000000
0000000000000000
0000000000000000
0000000000000000
0000000000000000
0000000000000000
0011110101100100
0011001011010110
0000000000000000
0000000000000000
1011011010101100
0000000000000000
0000000000000000
0000000000000000
0000000000000000
0000000000000000
0000000000000000
0000000000000000
0000000000000000
1010100001110100
0100000010111101
0000000000000000
0000000000000000
1011001010110010
1011100001000100
0000000000000000
0000000000000000
0000000000000000
0000000000000000
0000000000000000
0000000000000000
0000000000000000
0000000000000000
0010100000100010
0011101010010101
0000000000000000
0000000000000000
0011011110000101
1011100101001000
0000000000000000
0000000000000000
0000000000000000
0000000000000000
0000000000000000
0000000000000000
0000000000000000
0000000000000000
0011010000100110
0011101011010110
0000000000000000
0000000000000000
1011110000111101
0010110111110101
0000000000000000
0000000000000000
0000000000000000
0000000000000000
0000000000000000
0000000000000000
0000000000000000
0000000000000000
0100000011101001
1010101001100011
0000000000000000
1011000001010110
0011100011111010
0000000000000000
0000000000000000
0000000000000000
0000000000000000
0000000000000000
0000000000000000
0000000000000000
0000000000000000
0000000000000000
0011101011110100
0011000100010101
0000000000000000
1011100010101010
0010010110101011
0000000000000000
0000000000000000
0000000000000000
0000000000000000
0000000000000000
0000000000000000
0000000000000000
0000000000000000
0000000000000000
0011100000001011
1011000100100001
1011110011101111
1011110110101101
0010101110111001
0000000000000000
0000000000000000
0000000000000000
0000000000000000
0000000000000000
0000000000000000
0000000000000000
0000000000000000
0000000000000000
1010011011000111
1010110110010111
1100000101011110
0011011100110010
0000000000000000
0000000000000000
0000000000000000
0000000000000000
0000000000000000
0000000000000000
0000000000000000
0000000000000000
0000000000000000
0000000000000000
0000000000000000
1010110011110100
0011000001001010
0000000000000000
0000000000000000
0000000000000000
0000000000000000
0000000000000000
0000000000000000
0000000000000000
0001110010101110
0000000000000000
0000000000000000
0000000000000000
0000000000000000
0000000000000000
0000000000000000
0000000000000000
0000000000000000
0000000000000000
0000000000000000
0000000000000000
0000000000000000
0000000000000000
0000000000000000
0000000000000000
0000000000000000
0000000000000000
0000000000000000
0000000000000000
0000000000000000
0000000000000000
0000000000000000
0000000000000000
0000000000000000
0000000000000000
0000000000000000
0000000000000000
0000000000000000
0000000000000000
0000000000000000
0000000000000000
0000000000000000
0000000000000000
0000000000000000
0000000000000000
0000000000000000
0000000000000000
0000000000000000
0000000000000000
0000000000000000
