0000000000000000
0000000000000000
0000000000000000
0000000000000000
0000000000000000
0000000000000000
0000000000000000
0000000000000000
0000000000000000
0000000000000000
0000000000000000
0000000000000000
0000000000000000
0000000000000000
0000000000000000
0000000000000000
0000000000000000
0000000000000000
0000000000000000
0000000000000000
0000000000000000
0000000000000000
0000000000000000
0000000000000000
0000000000000000
0000000000000000
0000000000000000
0000000000000000
0000000000000000
0000000000000000
0000000000000000
0000000000000000
0000000000000000
0000000000000000
0000000000000000
0000000000000000
0000000000000000
0000000000000000
0000000000000000
0000000000000000
0000000000000000
0000000000000000
0000000000000000
0000000000000000
0000000000000000
0000000000000000
0000000000000000
0000000000000000
0000000000000000
0000000000000000
0000000000000000
0000000000000000
0000000000000000
0000000000000000
0000000000000000
0000000000000000
0000000000000000
0000000000000000
0000000000000000
0000000000000000
0000000000000000
0000000000000000
0000000000000000
0000000000000000
0000000000000000
0000000000000000
0000000000000000
0000000000000000
0000000000000000
0000000000000000
0000000000000000
0000000000000000
0000000000000000
0000000000000000
0000000000000000
0000000000000000
0000000000000000
0000000000000000
0000000000000000
0000000000000000
0000000000000000
0000000000000000
0000000000000000
0000000000000000
0000000000000000
0000000000000000
0000000000000000
0000000000000000
0000000000000000
0000000000000000
0000000000000000
0000000000000000
0000000000000000
0000000000000000
0000000000000000
0000000000000000
0000000000000000
0000000000000000
0000000000000000
0000000000000000
0000000000000000
0000000000000000
0000000000000000
0000000000000000
1010111100010101
1010100000110000
1010111100010100
0010110010001100
0000000000000000
0000000000000000
0000000000000000
0000000000000000
0000000000000000
0000000000000000
0000000000000000
0000000000000000
0000000000000000
1010100110111100
1100000100000101
1011100100000101
0010111110110100
0011110011001000
0010110010101001
0000000000000000
0000000000000000
0000000000000000
0000000000000000
0000000000000000
0000000000000000
0000000000000000
0011000001000111
0011000011110110
0011011011110101
1011100110101111
0011010000111110
0100000101110101
1011110001111010
0000000000000000
0000000000000000
0000000000000000
0000000000000000
0000000000000000
0000000000000000
1011101001010111
1011101000001000
1011010011111111
0010001011110110
0011011111011110
0011010100101101
0100001101011010
1100000110110001
1010001001101000
0000000000000000
0000000000000000
0000000000000000
0000000000000000
1010101100111111
0011111011001101
1011111001110011
1011000010100010
0000000000000000
0000000000000000
0000000000000000
0000000000000000
1100000010010100
1011000011001010
0000000000000000
0000000000000000
0000000000000000
0000000000000000
0010110000110001
1011101010001111
0000000000000000
0000000000000000
0000000000000000
0000000000000000
0010111110110101
0010110111100100
1011110111010010
1011010101111001
0000000000000000
0000000000000000
0000000000000000
0000000000000000
1011110110111101
1010100001011011
0000000000000000
0000000000000000
0000000000000000
0011000001110001
0011110010101000
0011001000000100
1011010100001001
1011110100010000
0000000000000000
0000000000000000
0000000000000000
0000000000000000
0011110101110000
0000000000000000
0000000000000000
0000000000000000
0000000000000000
0011111100011010
0011110000000111
0011011110110100
1010100010101101
0011101010110100
0000000000000000
0000000000000000
0000000000000000
0000000000000000
0010010100110001
0000000000000000
0000000000000000
0000000000000000
1010000000001000
0011000001000000
1011000011111111
0011000101001101
0010111101100101
1011101100111110
0000000000000000
0000000000000000
0000000000000000
0000000000000000
1011000110001000
0000000000000000
0000000000000000
0000000000000000
1011000000110011
0011111010000000
0000000000000000
0000000000000000
1011010101011101
0011010111010010
0000000000000000
0000000000000000
0000000000000000
0000000000000000
0000000000000000
0000000000000000
0000000000000000
0000000000000000
0010111001100011
1011001011101110
0000000000000000
0000000000000000
1001000001010011
0001100000010001
0000000000000000
0000000000000000
0000000000000000
0000000000000000
0000000000000000
0000000000000000
0000000000000000
0000000000000000
0011110010001100
0011011110010100
0000000000000000
0000000000000000
1011100001010011
0000000000000000
0000000000000000
0000000000000000
0000000000000000
0000000000000000
0000000000000000
0000000000000000
0000000000000000
0000000000000000
0100000001100010
0010110110101001
0000000000000000
1011011011111001
0011110011101010
0000000000000000
0000000000000000
0000000000000000
0000000000000000
0000000000000000
0000000000000000
0000000000000000
0000000000000000
0000000000000000
0100000001000001
0000000000000000
0000000000000000
1011101000001100
0010110000011110
0000000000000000
0000000000000000
0000000000000000
0000000000000000
0000000000000000
0000000000000000
0000000000000000
0000000000000000
0000000000000000
0100001011001101
0000000000000000
1011100011001100
1011100100101100
0000000000000000
0000000000000000
0000000000000000
0000000000000000
0000000000000000
0000000000000000
0000000000000000
0000000000000000
0000000000000000
0000000000000000
0011111011011001
1011110110111001
1011100000101100
1011100101001001
0000000000000000
0000000000000000
0000000000000000
0000000000000000
0000000000000000
0000000000000000
0000000000000000
0000000000000000
0000000000000000
0000000000000000
0011100010111010
1100001000000111
1011011101100110
0001111001100011
0000000000000000
0000000000000000
0000000000000000
0000000000000000
0000000000000000
0000000000000000
0000000000000000
0000000000000000
0000000000000000
0000000000000000
0000000000000000
1011000101000110
0000000000000000
0000000000000000
0000000000000000
0000000000000000
0000000000000000
0000000000000000
0000000000000000
0000000000000000
0001110000001010
0000000000000000
0000000000000000
0000000000000000
0000000000000000
0000000000000000
0000000000000000
0000000000000000
0000000000000000
0000000000000000
0000000000000000
0000000000000000
0000000000000000
0000000000000000
0000000000000000
0000000000000000
0000000000000000
0000000000000000
0000000000000000
0000000000000000
0000000000000000
0000000000000000
0000000000000000
0000000000000000
0000000000000000
0000000000000000
0000000000000000
0000000000000000
0000000000000000
0000000000000000
0000000000000000
0000000000000000
0000000000000000
0000000000000000
0000000000000000
0000000000000000
0000000000000000
0000000000000000
0000000000000000
0000000000000000
