0.00000000000
0.00000000000
0.00000000000
0.00000000000
0.00000000000
0.00000000000
0.00000000000
0.00000000000
0.00000000000
0.00000000000
0.00000000000
0.00000000000
0.00000000000
0.00000000000
0.00000000000
0.00000000000
0.00000000000
0.00000000000
0.00000000000
0.00000000000
0.00000000000
0.00000000000
0.00000000000
0.00000000000
0.00000000000
0.00000000000
0.00000000000
0.00000000000
0.00000000000
0.00000000000
0.00000000000
0.00000000000
0.00000000000
0.00000000000
0.00000000000
0.00000000000
0.00000000000
0.00000000000
0.00000000000
0.00000000000
0.00000000000
0.00000000000
0.00000000000
0.00000000000
0.00000000000
0.00000000000
0.00000000000
0.00000000000
0.00000000000
0.00000000000
0.00000000000
0.00000000000
0.00000000000
0.00000000000
0.00000000000
0.00000000000
0.00000000000
0.00000000000
0.00000000000
0.00000000000
0.00000000000
0.00000000000
0.00000000000
0.00000000000
0.00000000000
0.00000000000
0.00000000000
0.00000000000
0.00000000000
0.00000000000
0.00000000000
0.00000000000
0.00000000000
0.00000000000
0.00000000000
0.00000000000
0.00000000000
0.00000000000
0.00000000000
0.00000000000
0.00000000000
0.00000000000
0.00000000000
0.00000000000
0.00000000000
0.00000000000
0.00000000000
0.00000000000
0.00000000000
0.00000000000
0.00000000000
0.00000000000
0.00000000000
0.00000000000
0.00000000000
0.00000000000
0.00000000000
0.00000000000
0.00000000000
0.00000000000
0.00000000000
0.00000000000
0.00000000000
0.00000000000
-0.09014376000
0.02128464000
0.11862321000
0.07102168000
0.00000000000
0.00000000000
0.00000000000
0.00000000000
0.00000000000
0.00000000000
0.00000000000
0.00000000000
-0.00324671000
0.97192260000
-1.45573340000
0.09797830000
4.11307729100
0.95849310000
0.07282375000
0.00000000000
0.00000000000
0.00000000000
0.00000000000
0.00000000000
0.00000000000
0.05796560000
0.43216440000
0.80849467000
0.52449081000
-1.09300370000
2.72207469000
1.97448240000
-1.16406250000
0.00000000000
0.00000000000
0.00000000000
0.00000000000
0.00000000000
-0.04708400000
-1.87962200000
-0.45827471000
-0.94160430000
-0.58045225000
0.24267340000
1.05673260000
4.04029080000
-2.01564370000
-0.01251540000
0.00000000000
0.00000000000
0.00000000000
0.00000000000
-0.52114020000
1.63728640000
-0.65414170000
-0.14480060000
0.00000000000
0.00000000000
0.00000000000
-0.44787600000
-2.59467520000
-0.14965440000
0.00000000000
0.00000000000
0.00000000000
0.00883570000
1.17730416000
-0.66542406000
0.00000000000
0.00000000000
0.00000000000
0.01931382000
1.08554475000
0.08653224000
-2.60138780000
-0.34193300000
0.00000000000
0.00000000000
0.00000000000
0.28792000000
-1.78247800000
-0.03402368000
0.00000000000
0.00000000000
0.00000000000
1.93560840000
3.79507200000
0.18796884000
-1.85147524000
-1.26590400000
0.00000000000
0.00000000000
0.00000000000
1.73897600000
1.50716160000
0.00000000000
0.00000000000
0.00000000000
0.12943630000
3.42686760000
2.85124550000
0.48139850000
-1.43100880000
0.83807840000
0.00000000000
0.00000000000
0.00000000000
-0.98611800000
-0.16886591000
0.00000000000
0.00000000000
0.00000000000
2.77932459500
0.96638400000
0.59564073000
0.16568760000
-1.61948560000
-0.90517500000
0.00000000000
0.00000000000
0.00000000000
0.00000000000
-0.17284000000
0.00000000000
0.00000000000
0.00000000000
1.21680490000
1.83843120000
0.00000000000
0.00000000000
-0.75233820000
0.36377660000
0.00000000000
0.00000000000
0.00000000000
0.00000000000
0.00000000000
0.00000000000
0.00000000000
-0.03479784000
2.46975040000
-0.21656520000
0.00000000000
-0.20919998000
-0.53379252125
0.00198593200
0.00000000000
0.00000000000
0.00000000000
0.00000000000
0.00000000000
0.00000000000
0.00000000000
0.03228116000
1.95930475000
0.47372600000
0.00000000000
0.46992260000
-1.20061750000
0.00000000000
0.00000000000
0.00000000000
0.00000000000
0.00000000000
0.00000000000
0.00000000000
0.00000000000
0.25935760000
3.04676080000
0.08843400000
0.00000000000
-1.49588440000
1.32143060000
0.00000000000
0.00000000000
0.00000000000
0.00000000000
0.00000000000
0.00000000000
0.00000000000
0.00000000000
2.45520000000
2.07693064000
0.00000000000
-0.13544100000
-0.13393799000
0.06431100000
0.00000000000
0.00000000000
0.00000000000
0.00000000000
0.00000000000
0.00000000000
0.00000000000
0.00000000000
0.86902200000
3.55951110000
0.00000000000
-1.18265512000
-0.62420769000
0.00000000000
0.00000000000
0.00000000000
0.00000000000
0.00000000000
0.00000000000
0.00000000000
0.00000000000
0.00000000000
0.50515500000
1.55140300000
-2.66463480000
-1.94087100000
-0.60008150000
0.00000000000
0.00000000000
0.00000000000
0.00000000000
0.00000000000
0.00000000000
0.00000000000
0.00000000000
0.00000000000
-0.02646900000
0.50323998000
-5.69533500000
-0.01253098000
0.00623730000
0.00000000000
0.00000000000
0.00000000000
0.00000000000
0.00000000000
0.00000000000
0.00000000000
0.00000000000
0.00000000000
0.00000000000
-0.07738120000
-0.03080405000
0.00000000000
0.00000000000
0.00000000000
0.00000000000
0.00000000000
0.00000000000
0.00000000000
0.00457135000
0.00394403000
0.00000000000
0.00000000000
0.00000000000
0.00000000000
0.00000000000
0.00000000000
0.00000000000
0.00000000000
0.00000000000
0.00000000000
0.00000000000
0.00000000000
0.00000000000
0.00000000000
0.00000000000
0.00000000000
0.00000000000
0.00000000000
0.00000000000
0.00000000000
0.00000000000
0.00000000000
0.00000000000
0.00000000000
0.00000000000
0.00000000000
0.00000000000
0.00000000000
0.00000000000
0.00000000000
0.00000000000
0.00000000000
0.00000000000
0.00000000000
0.00000000000
0.00000000000
0.00000000000
0.00000000000
0.00000000000