-2.926
2.086
0.6504
-4.277
2.604
-7.164
-2.744
-5.21
3.342
3.312
-0.05035
3.111
0.9526
1.658
-3.416
0.591
-1.34
-7.758
0.9297
-2.988
0.9604
2.19
6.832
-2.96
-2.754
-1.765
-6.64
3.074
-2.041
-3.95
-4.13
3.191
-3.688
4.758
-4.36
-1.72
-5.277
1.865
-3.053
2.744
0.8843
-7.87
-2.242
-4.99
-1.194
2.7
-0.1729
-1.098
-4.938
3.467
-4.86
4.086
-1.3545
-2.701
3.512
6.652
-6.723
-2.375
0.5767
-2.318
2.807
2.23
-7.324
-3.67
3.1
-4.543
-1.974
-1.367
-4.47
-2.564
-5.277
-10.234
3.506
0.8203
-2.357
0.4143
0.6675
2.137
1.582
-1.639
4.61
3.176
-6.47
-3.463
-4.926
0.8745
-10.08
2.791
2.86
1.245
6.07
-5.996
-6.32
3.826
2.621
-1.684
-8.31
-2.33
3.94
0.3435
