0000000000000000
0000000000000000
0000000000000000
0000000000000000
0000000000000000
0000000000000000
0000000000000000
0000000000000000
0000000000000000
0000000000000000
0000000000000000
0000000000000000
0000000000000000
0000000000000000
0000000000000000
0000000000000000
0000000000000000
0000000000000000
0000000000000000
0000000000000000
0000000000000000
0000000000000000
0000000000000000
0000000000000000
0000000000000000
0000000000000000
0000000000000000
0000000000000000
0000000000000000
0000000000000000
0000000000000000
0000000000000000
0000000000000000
0000000000000000
0000000000000000
0000000000000000
0000000000000000
0000000000000000
0000000000000000
0000000000000000
0000000000000000
0000000000000000
0000000000000000
0000000000000000
0000000000000000
0000000000000000
0000000000000000
0000000000000000
0000000000000000
0000000000000000
0000000000000000
0000000000000000
0000000000000000
0000000000000000
0000000000000000
0000000000000000
0000000000000000
0000000000000000
0000000000000000
0000000000000000
0000000000000000
0000000000000000
0000000000000000
0000000000000000
0000000000000000
0000000000000000
0000000000000000
0000000000000000
0000000000000000
0000000000000000
0000000000000000
0000000000000000
0000000000000000
0000000000000000
0000000000000000
0000000000000000
0000000000000000
0000000000000000
0000000000000000
0000000000000000
0000000000000000
0000000000000000
0000000000000000
0000000000000000
0000000000000000
0000000000000000
0000000000000000
0000000000000000
0000000000000000
0000000000000000
0000000000000000
0000000000000000
0000000000000000
0000000000000000
0000000000000000
0000000000000000
0000000000000000
0000000000000000
0000000000000000
0000000000000000
0000000000000000
0000000000000000
0000000000000000
0000000000000000
1010110111000101
0010010101110011
0010111110011000
0010110010001100
0000000000000000
0000000000000000
0000000000000000
0000000000000000
0000000000000000
0000000000000000
0000000000000000
0000000000000000
1001101010100110
0011101111000110
1011110111010011
0010111001000101
0100010000011101
0011101110101011
0010110010101001
0000000000000000
0000000000000000
0000000000000000
0000000000000000
0000000000000000
0000000000000000
0010101101101011
0011011011101010
0011101001111000
0011100000110010
1011110001011111
0100000101110010
0011111111100110
1011110010101000
0000000000000000
0000000000000000
0000000000000000
0000000000000000
0000000000000000
1010101000000111
1011111110000101
1011011101010101
1011101110001000
1011100010100101
0011001111000100
0011110000111010
0100010000001010
1100000000001000
1010001001101000
0000000000000000
0000000000000000
0000000000000000
0000000000000000
1011100000101011
0011111010001101
1011100100111100
1011000010100010
0000000000000000
0000000000000000
0000000000000000
1011011100101011
1100000100110000
1011000011001010
0000000000000000
0000000000000000
0000000000000000
0010000010000110
0011110010110110
1011100101010011
0000000000000000
0000000000000000
0000000000000000
0010010011110010
0011110001011000
0010110110001010
1100000100110100
1011010101111001
0000000000000000
0000000000000000
0000000000000000
0011010010011011
1011111100100001
1010100001011011
0000000000000000
0000000000000000
0000000000000000
0011111110111110
0100001110010111
0011001000000100
1011111101101000
1011110100010000
0000000000000000
0000000000000000
0000000000000000
0011111011110101
0011111000000111
0000000000000000
0000000000000000
0000000000000000
0011000000100100
0100001011011011
0100000110110100
0011011110110100
1011110110111001
0011101010110100
0000000000000000
0000000000000000
0000000000000000
1011101111100100
1011000101100111
0000000000000000
0000000000000000
0000000000000000
0100000110001111
0011101110111011
0011100011000100
0011000101001101
1011111001111010
1011101100111110
0000000000000000
0000000000000000
0000000000000000
0000000000000000
1011000110001000
0000000000000000
0000000000000000
0000000000000000
0011110011011110
0011111101011011
0000000000000000
0000000000000000
1011101000000101
0011010111010010
0000000000000000
0000000000000000
0000000000000000
0000000000000000
0000000000000000
0000000000000000
0000000000000000
1010100001110100
0100000011110001
1011001011101110
0000000000000000
1011001010110010
1011100001000101
0001100000010001
0000000000000000
0000000000000000
0000000000000000
0000000000000000
0000000000000000
0000000000000000
0000000000000000
0010100000100010
0011111111010110
0011011110010100
0000000000000000
0011011110000101
1011110011001101
0000000000000000
0000000000000000
0000000000000000
0000000000000000
0000000000000000
0000000000000000
0000000000000000
0000000000000000
0011010000100110
0100001000011000
0010110110101001
0000000000000000
1011110111111100
0011110101001001
0000000000000000
0000000000000000
0000000000000000
0000000000000000
0000000000000000
0000000000000000
0000000000000000
0000000000000000
0100000011101001
0100000000100111
0000000000000000
1011000001010110
1011000001001001
0010110000011110
0000000000000000
0000000000000000
0000000000000000
0000000000000000
0000000000000000
0000000000000000
0000000000000000
0000000000000000
0011101011110100
0100001100011110
0000000000000000
1011110010111011
1011100011111110
0000000000000000
0000000000000000
0000000000000000
0000000000000000
0000000000000000
0000000000000000
0000000000000000
0000000000000000
0000000000000000
0011100000001011
0011111000110101
1100000101010100
1011111111000011
1011100011001101
0000000000000000
0000000000000000
0000000000000000
0000000000000000
0000000000000000
0000000000000000
0000000000000000
0000000000000000
0000000000000000
1010011011000111
0011100000000111
1100010110110010
1010001001101010
0001111001100011
0000000000000000
0000000000000000
0000000000000000
0000000000000000
0000000000000000
0000000000000000
0000000000000000
0000000000000000
0000000000000000
0000000000000000
1010110011110100
1010011111100011
0000000000000000
0000000000000000
0000000000000000
0000000000000000
0000000000000000
0000000000000000
0000000000000000
0001110010101110
0001110000001010
0000000000000000
0000000000000000
0000000000000000
0000000000000000
0000000000000000
0000000000000000
0000000000000000
0000000000000000
0000000000000000
0000000000000000
0000000000000000
0000000000000000
0000000000000000
0000000000000000
0000000000000000
0000000000000000
0000000000000000
0000000000000000
0000000000000000
0000000000000000
0000000000000000
0000000000000000
0000000000000000
0000000000000000
0000000000000000
0000000000000000
0000000000000000
0000000000000000
0000000000000000
0000000000000000
0000000000000000
0000000000000000
0000000000000000
0000000000000000
0000000000000000
0000000000000000
0000000000000000
0000000000000000
0000000000000000
